2466
8557
9474
1451
8087
2815
5024
2060
7980
5092
1029
5466
4649
5481
1589
1415
378
5103
4703
4945
6937
1596
450
3744
3693
3302
312
9651
3158
7623
391
8136
626
2563
1478
8420
8079
7287
4698
7055
2145
1247
3024
5905
3981
7755
5733
2629
5419
3070
2968
7418
3974
5334
1356
5761
9783
5587
840
2386
8581
5544
2758
2900
7629
4562
9149
3787
3063
3612
6023
3724
9531
645
2136
27
9817
5064
1366
784
5998
9130
7317
3105
7868
5992
1116
3182
4870
9692
7443
957
844
271
1001
6356
9263
1307
5041
2770
9094
4968
1868
1123
7994
5658
9286
7662
2302
3291
6259
6
9607
5930
7380
7769
4891
7007
9877
1095
8910
3651
9628
7463
1871
8194
7237
3014
235
5075
3181
6560
2611
7833
4204
1982
8501
9708
8728
2074
125
5814
3029
4458
4106
3173
4395
878
5939
1340
7830
9748
1237
979
5241
8127
5690
3332
8429
2791
647
8679
9360
6184
9408
5829
466
7043
7831
5257
3800
5439
950
4043
4659
2500
7709
9725
9144
707
6922
2557
8408
133
5528
5850
5706
5416
8319
2490
3644
4905
4912
2660
8472
3336
1448
1228
9344
7624
890
6244
974
5816
849
6212
7989
9901
3102
9903
5579
2492
903
6624
1275
2501
472
627
5452
3301
1808
6836
8876
572
545
402
5233
5810
3459
998
5322
4155
8467
5708
6737
7660
9386
6896
5463
1158
9812
9358
3295
5671
1272
3187
1648
4475
6428
7997
6795
5711
9161
1113
7821
3783
4055
163
7124
9280
685
7166
7902
9535
6111
3123
6305
1563
6505
9278
9083
9795
9507
6973
8198
4690
2230
5777
2452
2790
2927
7671
3395
9426
864
1673
55
1059
7495
9534
930
2671
7175
6446
5653
276
8745
417
595
6960
8168
4434
4596
3197
706
8710
3794
1591
6375
1261
7866
1146
9736
9101
1578
7153
5445
4633
8325
4732
9771
7122
5473
8647
6338
7020
9296
6654
1949
7432
4456
4619
3442
455
9575
4130
4364
5167
4159
8815
5179
5798
4151
8878
1620
4599
1810
4840
5390
7048
7616
2974
2741
5880
3576
1080
3580
8666
9331
4656
8243
3797
9349
1355
1756
5604
476
6612
1627
842
490
4940
8025
6397
7951
7076
4318
6380
4535
5140
4626
195
1003
1530
6805
5227
2299
6954
2255
2399
7721
3762
3599
7673
1568
5404
4186
4845
5718
1748
637
6601
6050
2339
5669
3860
9490
987
3399
9321
8102
7643
4631
5296
6821
2989
8224
263
1513
3538
4916
9712
207
7561
818
8186
3294
7118
6603
9584
8825
3339
2816
1581
2308
4273
3603
1985
467
2812
486
8103
9325
2004
7767
4408
7155
7017
2363
140
2203
6085
3844
6661
2751
4990
8246
1768
3948
7143
5645
5884
8810
73
3450
7984
5667
8277
4661
1931
2688
6335
5943
6204
3324
771
2902
8738
747
8251
4578
629
42
4136
6487
1452
7711
2125
9465
8785
3890
9761
4515
554
9836
2991
1310
8515
9398
8375
